ctqueue 1 non 0 non 0 non 0 1 1 50 50 0.0 20000 10 0 0 07025 0 0 0 0 0 0 ( 70252540, 140505080, 0, 140505080 )
ctqueue 1 non 0 non 0 non 0 2 2 50 50 0.0 20000 10 0 0 03248 0 0 0 0 0 0 ( 31572696, 64832910, 21370636, 86203546 )
ctqueue 1 non 0 non 0 non 0 3 4 50 50 0.0 20000 10 0 0 04150 0 0 0 0 0 0 ( 29086694, 84835293, 33261791, 118097084 )
ctqueue 1 non 0 non 0 non 0 4 8 50 50 0.0 20000 10 0 0 02416 0 0 0 0 0 0 ( 9914980, 44404115, 21409985, 65814100 )
ctqueue 1 non 0 non 0 non 0 5 12 50 50 0.0 20000 10 0 0 02211 0 0 0 0 0 0 ( 7363836, 38223240, 18867930, 57091170 )
ctqueue 1 non 0 non 0 non 0 6 16 50 50 0.0 20000 10 0 0 02015 0 0 0 0 0 0 ( 6683337, 34625924, 17160777, 51786701 )
ctqueue 1 non 0 non 0 non 0 7 24 50 50 0.0 20000 10 0 0 01431 0 0 0 0 0 0 ( 6115010, 38008425, 10111565, 48119990 )
ctqueue 1 non 0 non 0 non 0 8 32 50 50 0.0 20000 10 0 0 01066 0 0 0 0 0 0 ( 5468092, 31450645, 6596306, 38046951 )
ctqueue 1 non 0 non 0 non 0 9 40 50 50 0.0 20000 10 0 0 0780 0 0 0 0 0 0 ( 6628117, 8812546, 3727430, 12539976 )
ctqueue 1 non 0 non 0 non 0 10 48 50 50 0.0 20000 10 0 0 0576 0 0 0 0 0 0 ( 5206799, 6690133, 1994210, 8684343 )
ctqueue 1 non 0 non 0 non 0 11 56 50 50 0.0 20000 10 0 0 0752 0 0 0 0 0 0 ( 4771481, 32484051, 3281365, 35765416 )
ctqueue 1 non 0 non 0 non 0 12 64 50 50 0.0 20000 10 0 0 0591 0 0 0 0 0 0 ( 4137096, 27323652, 2102616, 29426268 )
fcqueue 1 non 0 non 0 non 0 13 1 50 50 0.0 20000 10 0 0 018594 0 0 0 0 0 0 ( 185948451, 185948451, 0, 185948451 )
fcqueue 1 non 0 non 0 non 0 14 2 50 50 0.0 20000 10 0 0 017728 0 0 0 0 0 0 ( 177280948, 177086764, 33202, 177119966 )
fcqueue 1 non 0 non 0 non 0 15 4 50 50 0.0 20000 10 0 0 014053 0 0 0 0 0 0 ( 140539008, 139951433, 116529, 140067962 )
fcqueue 1 non 0 non 0 non 0 16 8 50 50 0.0 20000 10 0 0 06360 0 0 0 0 0 0 ( 63608960, 8565628, 7495551, 16061179 )
fcqueue 1 non 0 non 0 non 0 17 12 50 50 0.0 20000 10 0 0 011356 0 0 0 0 0 0 ( 113469604, 6331149, 5032252, 11363401 )
fcqueue 1 non 0 non 0 non 0 18 16 50 50 0.0 20000 10 0 0 010214 0 0 0 0 0 0 ( 102038557, 3796718, 1928692, 5725410 )
fcqueue 1 non 0 non 0 non 0 19 24 50 50 0.0 20000 10 0 0 011981 0 0 0 0 0 0 ( 119433429, 3830141, 1687696, 5517837 )
fcqueue 1 non 0 non 0 non 0 20 32 50 50 0.0 20000 10 0 0 09165 0 0 0 0 0 0 ( 91336279, 959623, 460779, 1420402 )
fcqueue 1 non 0 non 0 non 0 21 40 50 50 0.0 20000 10 0 0 08959 0 0 0 0 0 0 ( 89278103, 1661128, 784724, 2445852 )
fcqueue 1 non 0 non 0 non 0 22 48 50 50 0.0 20000 10 0 0 07186 0 0 0 0 0 0 ( 71463399, 586209, 368369, 954578 )
fcqueue 1 non 0 non 0 non 0 23 56 50 50 0.0 20000 10 0 0 08132 0 0 0 0 0 0 ( 80738225, 279675, 224209, 503884 )
fcqueue 1 non 0 non 0 non 0 24 64 50 50 0.0 20000 10 0 0 07835 0 0 0 0 0 0 ( 77821183, 204612, 170271, 374883 )
msqueue 1 non 0 non 0 non 0 25 1 50 50 0.0 20000 10 0 0 015377 0 0 0 0 0 0 ( 153773114, 230550080, 0, 230550080 )
msqueue 1 non 0 non 0 non 0 26 2 50 50 0.0 20000 10 0 0 09098 0 0 0 0 0 0 ( 90980824, 136461007, 15516795, 151977802 )
msqueue 1 non 0 non 0 non 0 27 4 50 50 0.0 20000 10 0 0 07968 0 0 0 0 0 0 ( 79688276, 119562548, 49500362, 169062910 )
msqueue 1 non 0 non 0 non 0 28 8 50 50 0.0 20000 10 0 0 06832 0 0 0 0 0 0 ( 68306544, 102502628, 101586915, 204089543 )
msqueue 1 non 0 non 0 non 0 29 12 50 50 0.0 20000 10 0 0 07747 0 0 0 0 0 0 ( 77475533, 116221088, 72965665, 189186753 )
msqueue 1 non 0 non 0 non 0 30 16 50 50 0.0 20000 10 0 0 07809 0 0 0 0 0 0 ( 78029487, 117039957, 74307298, 191347255 )
msqueue 1 non 0 non 0 non 0 31 24 50 50 0.0 20000 10 0 0 07929 0 0 0 0 0 0 ( 79021970, 118469945, 74845876, 193315821 )
msqueue 1 non 0 non 0 non 0 32 32 50 50 0.0 20000 10 0 0 08029 0 0 0 0 0 0 ( 79967338, 119924536, 74830631, 194755167 )
msqueue 1 non 0 non 0 non 0 33 40 50 50 0.0 20000 10 0 0 08088 0 0 0 0 0 0 ( 80529586, 120795609, 75050654, 195846263 )
msqueue 1 non 0 non 0 non 0 34 48 50 50 0.0 20000 10 0 0 08181 0 0 0 0 0 0 ( 81360558, 122117530, 74711226, 196828756 )
msqueue 1 non 0 non 0 non 0 35 56 50 50 0.0 20000 10 0 0 08211 0 0 0 0 0 0 ( 81511729, 122245171, 74632757, 196877928 )
msqueue 1 non 0 non 0 non 0 36 64 50 50 0.0 20000 10 0 0 08255 0 0 0 0 0 0 ( 81800871, 122566520, 74331187, 196897707 )
basketqueue 1 non 0 non 0 non 0 37 1 50 50 0.0 20000 10 0 0 013405 0 0 0 0 0 0 ( 134059617, 217925147, 0, 217925147 )
basketqueue 1 non 0 non 0 non 0 38 2 50 50 0.0 20000 10 0 0 08810 0 0 0 0 0 0 ( 88103344, 138275544, 9078982, 147354526 )
basketqueue 1 non 0 non 0 non 0 39 4 50 50 0.0 20000 10 0 0 09387 0 0 0 0 0 0 ( 93872238, 142009669, 35425718, 177435387 )
basketqueue 1 non 0 non 0 non 0 40 8 50 50 0.0 20000 10 0 0 09891 0 0 0 0 0 0 ( 98912459, 141149010, 77951956, 219100966 )
basketqueue 1 non 0 non 0 non 0 41 12 50 50 0.0 20000 10 0 0 09907 0 0 0 0 0 0 ( 99076968, 146936935, 55886906, 202823841 )
basketqueue 1 non 0 non 0 non 0 42 16 50 50 0.0 20000 10 0 0 010101 0 0 0 0 0 0 ( 100764637, 149398458, 57536568, 206935026 )
basketqueue 1 non 0 non 0 non 0 43 24 50 50 0.0 20000 10 0 0 010380 0 0 0 0 0 0 ( 103385565, 153233376, 61325523, 214558899 )
basketqueue 1 non 0 non 0 non 0 44 32 50 50 0.0 20000 10 0 0 010514 0 0 0 0 0 0 ( 104638941, 155355474, 62737239, 218092713 )
basketqueue 1 non 0 non 0 non 0 45 40 50 50 0.0 20000 10 0 0 010577 0 0 0 0 0 0 ( 105416678, 156655535, 63561279, 220216814 )
basketqueue 1 non 0 non 0 non 0 46 48 50 50 0.0 20000 10 0 0 010637 0 0 0 0 0 0 ( 105934427, 157499193, 64780251, 222279444 )
basketqueue 1 non 0 non 0 non 0 47 56 50 50 0.0 20000 10 0 0 010685 0 0 0 0 0 0 ( 105975122, 157866161, 64816923, 222683084 )
basketqueue 1 non 0 non 0 non 0 48 64 50 50 0.0 20000 10 0 0 010764 0 0 0 0 0 0 ( 106485046, 158666933, 65807529, 224474462 )
ctqueue 1 non 0 non 0 non 0 49 1 50 50 0.0 20000 10 0 0 07013 0 0 0 0 0 0 ( 70139711, 140279422, 0, 140279422 )
ctqueue 1 non 0 non 0 non 0 50 2 50 50 0.0 20000 10 0 0 03333 0 0 0 0 0 0 ( 31251314, 66472602, 22089817, 88562419 )
ctqueue 1 non 0 non 0 non 0 51 4 50 50 0.0 20000 10 0 0 04208 0 0 0 0 0 0 ( 29035023, 85138666, 33976743, 119115409 )
ctqueue 1 non 0 non 0 non 0 52 8 50 50 0.0 20000 10 0 0 05717 0 0 0 0 0 0 ( 22337428, 105539604, 54898641, 160438245 )
ctqueue 1 non 0 non 0 non 0 53 12 50 50 0.0 20000 10 0 0 04396 0 0 0 0 0 0 ( 18206105, 87373737, 37296097, 124669834 )
ctqueue 1 non 0 non 0 non 0 54 16 50 50 0.0 20000 10 0 0 02958 0 0 0 0 0 0 ( 14305782, 67467543, 22527824, 89995367 )
ctqueue 1 non 0 non 0 non 0 55 24 50 50 0.0 20000 10 0 0 02181 0 0 0 0 0 0 ( 11890738, 70971183, 13292045, 84263228 )
ctqueue 1 non 0 non 0 non 0 56 32 50 50 0.0 20000 10 0 0 01798 0 0 0 0 0 0 ( 10474201, 57431883, 11401321, 68833204 )
ctqueue 1 non 0 non 0 non 0 57 40 50 50 0.0 20000 10 0 0 03279 0 0 0 0 0 0 ( 30895765, 24716685, 23673147, 48389832 )
ctqueue 1 non 0 non 0 non 0 58 48 50 50 0.0 20000 10 0 0 0793 0 0 0 0 0 0 ( 7292982, 9696538, 2152979, 11849517 )
ctqueue 1 non 0 non 0 non 0 59 56 50 50 0.0 20000 10 0 0 0813 0 0 0 0 0 0 ( 5011882, 35075032, 3596237, 38671269 )
ctqueue 1 non 0 non 0 non 0 60 64 50 50 0.0 20000 10 0 0 0674 0 0 0 0 0 0 ( 4582856, 30719747, 2557824, 33277571 )
oyqueue 1 non 0 non 0 non 0 61 1 50 50 0.0 20000 10 0 0 07021 0 0 0 0 0 0 ( 70219673, 140439346, 0, 140439346 )
oyqueue 1 non 0 non 0 non 0 62 2 50 50 0.0 20000 10 0 0 06573 0 0 0 0 0 0 ( 65732238, 131369651, 118333, 131487984 )
oyqueue 1 non 0 non 0 non 0 63 4 50 50 0.0 20000 10 0 0 06124 0 0 0 0 0 0 ( 61249327, 122216279, 375029, 122591308 )
oyqueue 1 non 0 non 0 non 0 64 8 50 50 0.0 20000 10 0 0 02643 0 0 0 0 0 0 ( 26433574, 39946688, 63987414, 103934102 )
oyqueue 1 non 0 non 0 non 0 65 12 50 50 0.0 20000 10 0 0 0223 0 0 0 0 0 0 ( 2233397, 3374681, 31928249, 35302930 )
oyqueue 1 non 0 non 0 non 0 66 16 50 50 0.0 20000 10 0 0 0137 0 0 0 0 0 0 ( 1377291, 2082290, 57238786, 59321076 )
oyqueue 1 non 0 non 0 non 0 67 24 50 50 0.0 20000 10 0 0 0137 0 0 0 0 0 0 ( 1371220, 2073567, 34211862, 36285429 )
oyqueue 1 non 0 non 0 non 0 68 32 50 50 0.0 20000 10 0 0 0148 0 0 0 0 0 0 ( 1476042, 2232259, 25064176, 27296435 )
oyqueue 1 non 0 non 0 non 0 69 40 50 50 0.0 20000 10 0 0 0130 0 0 0 0 0 0 ( 1303711, 1968592, 15338626, 17307218 )
oyqueue 1 non 0 non 0 non 0 70 48 50 50 0.0 20000 10 0 0 0133 0 0 0 0 0 0 ( 1332848, 2007896, 11723101, 13730997 )
oyqueue 1 non 0 non 0 non 0 71 56 50 50 0.0 20000 10 0 0 0129 0 0 0 0 0 0 ( 1283215, 1947101, 9047152, 10994253 )
oyqueue 1 non 0 non 0 non 0 72 64 50 50 0.0 20000 10 0 0 0134 0 0 0 0 0 0 ( 1335390, 2024000, 6756837, 8780837 )
oyqueuecom 1 non 0 non 0 non 0 73 1 50 50 0.0 20000 10 0 0 06694 0 0 0 0 0 0 ( 66942103, 133884206, 0, 133884206 )
oyqueuecom 1 non 0 non 0 non 0 74 2 50 50 0.0 20000 10 0 0 06395 0 0 0 0 0 0 ( 63959882, 127848042, 79337, 127927379 )
oyqueuecom 1 non 0 non 0 non 0 75 4 50 50 0.0 20000 10 0 0 05779 0 0 0 0 0 0 ( 57792987, 115304124, 247481, 115551605 )
oyqueuecom 1 non 0 non 0 non 0 76 8 50 50 0.0 20000 10 0 0 03117 0 0 0 0 0 0 ( 31172186, 46824410, 61972783, 108797193 )
oyqueuecom 1 non 0 non 0 non 0 77 12 50 50 0.0 20000 10 0 0 0165 0 0 0 0 0 0 ( 1659118, 2493975, 13070522, 15564497 )
oyqueuecom 1 non 0 non 0 non 0 78 16 50 50 0.0 20000 10 0 0 0111 0 0 0 0 0 0 ( 1113132, 1672456, 31649835, 33322291 )
oyqueuecom 1 non 0 non 0 non 0 79 24 50 50 0.0 20000 10 0 0 0104 0 0 0 0 0 0 ( 1037105, 1557864, 16379489, 17937353 )
oyqueuecom 1 non 0 non 0 non 0 80 32 50 50 0.0 20000 10 0 0 068 0 0 0 0 0 0 ( 679684, 1023881, 4621018, 5644899 )
oyqueuecom 1 non 0 non 0 non 0 81 40 50 50 0.0 20000 10 0 0 077 0 0 0 0 0 0 ( 771879, 1164991, 4479915, 5644906 )
oyqueuecom 1 non 0 non 0 non 0 82 48 50 50 0.0 20000 10 0 0 072 0 0 0 0 0 0 ( 717230, 1075166, 3544125, 4619291 )
oyqueuecom 1 non 0 non 0 non 0 83 56 50 50 0.0 20000 10 0 0 071 0 0 0 0 0 0 ( 713398, 1076008, 1955964, 3031972 )
oyqueuecom 1 non 0 non 0 non 0 84 64 50 50 0.0 20000 10 0 0 052 0 0 0 0 0 0 ( 519976, 780305, 1201737, 1982042 )
lsqueue 1 non 0 non 0 non 0 85 1 50 50 0.0 20000 10 0 0 0105565
lsqueue 1 non 0 non 0 non 0 86 2 50 50 0.0 20000 10 0 0 0210306
lsqueue 1 non 0 non 0 non 0 87 4 50 50 0.0 20000 10 0 0 0422474
lsqueue 1 non 0 non 0 non 0 88 8 50 50 0.0 20000 10 0 0 0821500
lsqueue 1 non 0 non 0 non 0 89 12 50 50 0.0 20000 10 0 0 01073790
lsqueue 1 non 0 non 0 non 0 90 16 50 50 0.0 20000 10 0 0 01230434
lsqueue 1 non 0 non 0 non 0 91 24 50 50 0.0 20000 10 0 0 01247965
lsqueue 1 non 0 non 0 non 0 92 32 50 50 0.0 20000 10 0 0 01231885
lsqueue 1 non 0 non 0 non 0 93 40 50 50 0.0 20000 10 0 0 01235679
lsqueue 1 non 0 non 0 non 0 94 48 50 50 0.0 20000 10 0 0 01190779
lsqueue 1 non 0 non 0 non 0 95 56 50 50 0.0 20000 10 0 0 01224280
lsqueue 1 non 0 non 0 non 0 96 64 50 50 0.0 20000 10 0 0 01314126 TIME
